id/pw/name/nickName/email/SNS/66/125.143.191.228/2021-12-15T00:03:11.392274800/0/0/0
asdf/asdf/asdf/asdf/asdf/asdf/180/192.168.207.1/2021-12-15T14:49:56.900963200/0/0/0
jun/21312/w/w/q/e/11/192.168.207.1/2021-12-15T16:02:26.107147/0/0/0
jsp2/123/dw/asd/w/dw/3/222.121.111.210/2021-12-14T21:08:51.545516700/0/0/0
abc/abc/a/a/a/a/0/000.000.000.000/00:00/0/0/0
aab/123/dd/abc/d/d/0/000.000.000.000/00:00/0/0/0
abcd/123/dw/abcd/es/d/1/192.168.207.1/2021-12-15T15:58:15.538658100/0/0/0
aaaaaa/123/j/aaa3/jg/jjg/0/000.000.000.000/00:00/0/0/0
bbbbbb/123/jg/jjjj/fh/hg/1/192.168.207.1/2021-12-15T16:02:09.132439300/0/0/0
bbb/bbb/son/red/xxx@gmail.com/ffac/5/125.143.191.228/2021-12-15T16:13:28.813000600/0/0/0
aaa/aaa/kim/blue/fff@gmail.com/no/5/125.143.191.228/2021-12-15T16:13:19.089374900/0/0/0
